[global]
id = 132
name = Test
parent = 128

[defining_params]
unambiguous_range = 4
mix_volt = 1500
frame_rate = 60.0005989075
sub_frame_cnt_max = 2
quad_cnt_max = 6
illum_power_percentage = 55
intg_time = 8
delay_fb_corr_mode = 0
delay_fb_dc_corr_mode = 0

[calib]
phasecorrection = file:MyCameraCameraTestPhaseOffset.bin
freq_corr_at = 48.0
freq_corr = 1.0
y_filt_coeff_f1 = (0.0, 0.0)
y_filt_coeff_f2 = (0.00214443594081, -0.00121685363254)
x_filt_coeff_f1 = (-0.0864171865186, -0.139859288441)
x_filt_coeff_f2 = (-0.0236936146941, -0.0143845108448)
phase_lin_coeff1 = 200 372 544 715 887 1059 1231 1426 1636 1847 2058 2269 2479 2687 2882 3078
phase_lin_coeff0 = 100 404 709 1013 1318 1622 1927 2231 2536 2840 3145 3449 3754 4000 4000 4000
phase_lin_corr_period = 2
calib_prec = 0
coeff_sensor_1 = 199
coeff_illum_1 = 0
disable_temp_corr = False
actual_distance = 0.3
disable_phase_corr = False
tsensor_calib = 51
tillum_calib = 38
phase_corr_2 = -1975
phase_corr_1 = -1563

